                     mean       sd    hdi_3%   hdi_97%  mcse_mean  mcse_sd  \
rates[0]            2.135    0.746     1.485     3.716      0.473    0.384   
rates[1]          302.667    2.277   298.259   306.399      0.638    0.462   
rates[2]          257.169   10.125   244.022   270.317      6.872    5.722   
rates[3]           60.481    0.928    58.678    62.104      0.232    0.167   
switchpoints[0]     0.528    0.314     0.051     0.837      0.204    0.176   
switchpoints[1]  1860.913  196.187  1656.645  2069.160    135.852  114.066   
switchpoints[2]  2865.980    6.403  2856.078  2876.244      0.586    0.416   

                 ess_bulk  ess_tail  r_hat  
rates[0]              2.0      12.0   2.53  
rates[1]             12.0      33.0   1.11  
rates[2]              3.0      69.0   1.83  
rates[3]             18.0      69.0   1.11  
switchpoints[0]       3.0      23.0   2.23  
switchpoints[1]       3.0      40.0   1.91  
switchpoints[2]     121.0     188.0   1.03  